              wavelength     wave_vac           w1           w2           w3           w4           w5           w6 units_wave particle rel_int
Ne5_3345A         3345.4       3346.4  3334.246902  3338.698612  3337.997785  3352.802215  3352.089476  3356.565009   Angstrom      Ne5       0
Ne5_3426A         3425.5       3426.5       3390.0       3410.0  3417.991947  3433.008053       3445.0       3465.0   Angstrom      Ne5       0
O2_3726A_m      3728.484     3727.092      3665.75      3694.26  3718.064016  3736.669162      3754.88       3767.5   Angstrom       O2       1
H1_3750A        3750.092     3751.217  3664.503848  3675.720417  3742.149916  3758.034084      3775.22      3792.04   Angstrom       H1       1
H1_3771A        3770.571     3771.701  3758.000441  3763.017925   3762.60181   3778.54019   3778.11065  3783.154984   Angstrom       H1       1
H1_3798A        3797.838     3798.976  3780.949179  3792.078244  3789.832745  3805.843255  3807.127865   3816.77428   Angstrom       H1       1
H1_3835A        3835.324     3836.472  3823.148476  3829.538777  3827.267837  3843.380163      3844.26      3852.83   Angstrom       H1       1
Ne3_3869A         3869.0      3870.16   3848.42995  3858.099497  3860.899608  3877.100392  3895.538694  3910.048413   Angstrom      Ne3       1
H1_3889A_m      3888.988     3890.151  3842.087829  3861.282614  3880.457972  3897.115788       3905.0       3950.0   Angstrom       H1       1
Ne3_3968A_m      3967.73      3968.91  3954.502141  3959.781983  3959.497776  3978.245674   3975.66389  3980.971986   Angstrom      Ne3       1
He1_4026A       4026.123     4027.323  4012.700467  4018.058012   4017.81317   4034.43283  4034.173653  4039.559868   Angstrom      He1       1
S2_4069A        4068.537     4069.749  4054.973064   4060.38705  4060.169926  4076.904074  4076.672464  4082.115422   Angstrom       S2       1
H1_4102A        4101.671     4102.892  4084.633589  4093.799103  4093.259527  4110.082473  4110.113141  4119.294537   Angstrom       H1       1
Fe2_4287A     4287.32678   4288.59958   4273.03343  4278.738558  4278.668412  4295.985148  4295.899737  4301.635395   Angstrom      Fe2       1
H1_4340A        4340.396     4341.684  4322.549217  4332.509864  4331.666025  4349.125975  4350.262697  4360.488238   Angstrom       H1       1
O3_4363A        4363.142     4364.436       4297.7      4323.66  4354.382669  4371.901331      4390.76       4416.2   Angstrom       O3       1
He1_4388A    4388.080339  4389.381125   4373.45109  4379.290291  4379.287248   4396.87343  4396.854763  4402.725211   Angstrom      He1       1
He1_4471A       4471.404     4472.728   4451.91336  4465.069336   4462.49954   4480.30846  4480.772156  4496.909458   Angstrom      He1       1
Fe3_4658A        4658.09      4659.47  4637.507567  4650.238986  4648.936543  4667.243457  4669.709024   4679.09797   Angstrom      Fe3       1
He2_4686A        4685.64      4687.02  4663.804252  4678.301808  4676.449864  4694.830136  4718.751912  4733.650293   Angstrom      He2       1
Ar4_4711A_m       4711.3      4712.69  4664.639652  4680.894598  4702.075806  4722.310033  4723.932671  4738.660669   Angstrom      Ar4       1
Ar4_4740A_m      4740.09      4741.49    4724.2872  4730.594819  4730.826701  4749.353299  4749.568304  4755.909677   Angstrom      Ar4       1
H1_4861A         4861.25     4862.683       4809.8       4836.1  4845.338856  4877.161144      4883.13       4908.4   Angstrom       H1       1
Fe3_4925A_m      4924.58     4923.783  4905.922627  4912.472756  4912.827226   4934.08908  4932.175718  4938.760898   Angstrom      He1       1
O3_4959A_b      4958.835     4960.295  4929.281844  4946.732665  4939.355882  4978.314118  4972.820372   4984.41636   Angstrom       O3       1
O3_5007A_b       5006.77      5008.24  4975.706519  4981.404331  4984.266017  5032.127643  5039.856068   5057.17961   Angstrom       O3       1
N1_5198A_m      5197.822     5199.349  5180.493185  5187.409906  5187.948388  5210.054708  5208.215587  5215.169321   Angstrom       N1       1
N2_5755A         5754.56      5756.24       5700.0       5720.0  5743.943695  5765.176305       5800.0       5820.0   Angstrom       N2       1
He1_5876A      5875.5352    5877.2535  5845.715833  5865.712378  5864.757537  5886.312863  5888.378245  5901.854752   Angstrom      He1       1
O1_6300A_b      6300.208     6302.046  6270.921363  6282.896208    6288.8633  6323.360285  6326.667186  6338.205448   Angstrom       O1       1
H1_6563A_b        6562.7      6564.61      6480.03      6520.66  6527.527976  6603.866136       6627.7      6661.82   Angstrom       H1       1
He1_6677A      6676.8753    6678.8205  6654.615528  6663.500418  6665.028235  6688.722365  6690.226409  6699.158845   Angstrom      He1       1
S2_6716A_b       6716.33      6718.29  6686.785257  6706.310255  6704.430437  6742.628986  6744.438091   6759.95625   Angstrom       S2       1
He1_7065A       7065.108     7067.163       7029.1      7041.64  7052.742623  7077.473377      7087.49      7104.45   Angstrom      He1       1
Ar3_7136A         7135.7       7137.8  7099.804897  7122.016894  7123.240575  7148.159425  7149.984073   7166.35499   Angstrom      Ar3       1
O2_7325A_b        7325.0      7320.94  7286.410854  7298.535385  7306.106365  7343.339272  7357.871653    7373.4639   Angstrom       O2       1
Ar3_7751A         7750.9       7753.2  7725.059579   7735.37367  7737.619991  7764.180009  7766.398733  7776.768018   Angstrom      Ar3       1