                      w1           w2           w3           w4           w5           w6
H1_1216A     1100.000000  1150.000000  1195.000000  1230.000000  1250.000000  1300.000000
C4_1549A     1400.000000  1450.000000  1530.000000  1565.000000  1600.000000  1650.000000
He2_1640A    1600.000000  1630.000000  1635.000000  1645.000000  1700.000000  1750.000000
O3]_1666A    1600.000000  1630.000000  1660.000000  1680.000000  1700.000000  1750.000000
C3]_1908A    1870.000000  1895.000000  1898.187820  1912.243544  1930.000000  1950.000000
Mg2_2800A    2700.000000  2750.000000  2790.000000  2810.000000  2850.000000  2900.000000
H1_3704A     3671.309441  3681.364925  3700.450000  3709.100000  3758.000000  3764.000000
[O2]_3726A   3715.725254  3718.000000  3719.514458  3740.469352  3745.640287  3747.086190
H1_3750A     3664.503848  3675.720417  3746.433569  3756.674784  3775.220000  3792.040000
H1_3771A     3759.191222  3767.280375  3767.467189  3775.787336  3776.807987  3782.905843
H1_3798A     3780.949179  3792.078244  3793.707971  3803.676860  3807.127865  3816.774280
H1_3835A     3823.148476  3829.538777  3831.331855  3840.896149  3844.260000  3852.830000
[Ne3]_3869A  3848.429950  3858.099497  3862.724063  3876.597761  3895.538694  3910.048413
H1_3889A     3842.087829  3861.282614  3880.390000  3899.420000  3905.000000  3950.000000
H1_3970A     3945.566344  3957.862489  3962.153343  3976.592758  3979.317175  3989.942405
He1_4026A    4013.837737  4021.250734  4021.502052  4032.149534  4033.154014  4040.185370
[S2]_4069A   4058.171690  4064.665875  4065.093604  4073.198887  4080.376366  4086.974251
H1_4102A     4084.633589  4093.799103  4095.935564  4108.433334  4110.113141  4119.294537
H1_4341A     4322.549217  4332.509864  4333.660230  4347.675999  4350.262697  4360.488238
[O3]_4363A   4297.700000  4323.660000  4356.886082  4372.721331  4390.760000  4416.200000
He1_4471A    4451.913360  4465.069336  4467.196330  4477.442236  4480.772156  4496.909458
[Fe3]_4658A  4637.507567  4650.238986  4653.613936  4666.293945  4669.709024  4679.097970
He2_4686A    4663.804252  4678.301808  4681.274066  4691.509985  4718.751912  4733.650293
[Ar4]_4711A  4664.639652  4680.894598  4707.992152  4720.882185  4723.932671  4738.660669
[Ar4]_4740A  4605.870000  4635.300000  4731.467840  4748.658238  4757.090000  4776.100000
H1_4861A     4809.800000  4836.100000  4848.715437  4876.181741  4883.130000  4908.400000
He1_4922A    4905.736141  4916.176415  4917.632529  4928.081261  4930.590000  4939.710000
[O3]_4959A   4929.281844  4946.732665  4948.310671  4970.712011  4972.820372  4984.416360
[O3]_5007A   4971.796688  4984.514249  4995.348943  5024.303156  5027.743260  5043.797081
He1_5048A    5027.570000  5035.130000  5037.543391  5046.860450  5060.810000  5072.900000
He1_5876A    5845.715833  5865.712378  5867.148419  5885.578291  5888.378245  5901.854752
[O1]_6300A   6282.963147  6293.637954  6294.754436  6307.155360  6319.711710  6327.945925
[S3]_6312A   6280.559495  6295.351299  6307.225753  6319.552583  6321.428405  6328.663719
H1_6563A     6480.030000  6520.660000  6535.100000  6600.950000  6627.700000  6661.820000
He1_6678A    6659.110795  6670.102081  6670.734647  6688.067396  6689.800671  6698.178167
[S2]_6716A   6686.785257  6706.310255  6707.458647  6725.466528  6744.438091  6759.956250
[S2]_6731A   6686.785257  6706.310255  6725.458647  6741.466528  6744.438091  6759.956250
He1_7065A    7029.100000  7041.640000  7055.220000  7079.440000  7087.490000  7104.450000
[Ar3]_7136A  7099.804897  7122.016894  7129.546717  7145.645711  7149.984073  7166.354990
He1_7281A    7266.178301  7275.825551  7276.872528  7287.327321  7293.561672  7303.734359
[O2]_7319A   7294.873033  7310.151519  7311.373798  7338.569503  7340.444100  7357.066344
[Ar3]_7751A  7731.458685  7743.423077  7744.234222  7759.848767  7759.955932  7770.429591
H1_8286A     8252.000000  8280.000000  8283.323708  8297.833611  8510.000000  8535.000000
H1_8299A     8252.000000  8280.000000  8297.740333  8313.286657  8521.607407  8538.190153
H1_8306A     8252.000000  8280.000000  8301.792741  8312.156958  8523.586972  8537.060454
H1_8314A     8252.000000  8280.000000  8311.960038  8319.214989  8524.426474  8536.863534
H1_8323A     8252.000000  8280.000000  8320.480000  8328.360000  8523.296774  8533.660991
H1_8334A     8252.000000  8280.000000  8328.356228  8340.793288  8510.000000  8535.000000
H1_8346A     8252.000000  8280.000000  8341.736431  8352.100648  8523.110218  8535.547278
H1_8359A     8252.000000  8280.000000  8354.080213  8367.553694  8510.000000  8535.000000
H1_8374A     8252.000000  8280.000000  8369.533260  8384.043163  8510.000000  8535.000000
H1_8392A     8378.449304  8387.961949  8388.394342  8398.627642  8398.730000  8409.950000
H1_8413A     8399.595403  8407.110952  8410.140000  8418.040000  8423.876407  8432.548195
H1_8438A     8396.910000  8408.320000  8432.872822  8443.316230  8452.150208  8464.463395
He1_8446A    8420.206999  8433.574263  8442.830320  8454.390003  8456.005185  8464.459454
H1_8467A     8450.080000  8459.460000  8461.707801  8473.595713  8474.880000  8493.320000
H1_8502A     8474.500000  8491.730000  8499.235520  8509.640000  8511.060000  8533.050000
H1_8545A     8515.180000  8536.310000  8539.268883  8552.720348  8555.470000  8574.470000
H1_8598A     8556.050000  8573.810000  8590.837675  8605.251074  8607.110000  8622.240000
H1_8665A     8635.370000  8656.680000  8657.198447  8673.721156  8684.080000  8699.840000
H1_8750A     8722.780989  8743.677211  8744.762589  8759.907241  8760.041533  8772.919906
H1_8863A     8826.510933  8849.703031  8856.225808  8873.619881  8875.570594  8886.725336
H1_9015A     8975.870000  9001.890000  9009.997734  9023.899851  9029.944250  9048.681886
S3_9069A     9028.280000  9056.360000  9057.861172  9081.241507  9083.325784  9100.603298
H1_9229A     9204.503433  9221.674676  9222.628281  9238.719001  9239.094777  9251.786565
S3_9531A     9471.122554  9489.978978  9516.201346  9556.330603  9569.193420  9600.501253
H1_10050A    9963.330920  10014.10011  10033.91248  10078.49032  10085.68363  10157.03036
He1_10830A   10753.41925  10794.26365  10802.04283  10855.52878  10856.98435  10895.05803
H1_10940A    10720.44247  10778.66907  10900.00000  10960.00000  11006.49646  11117.88121
H1_12820A    12743.13303  12790.91509  12800.24361  12838.19874  12846.97232  12878.89575
Fe2_16440A   16410.00000  16425.00000  16435.00000  16445.00000  16470.00000  16485.00000
H1_18756A    18720.13303  18740.91509  18745.24361  18765.19874  18780.97232  18800.89575
H1_19450A    19415.00000  19435.00000  19445.00000  19455.00000  19465.00000  19485.00000
H2_19576A    19415.00000  19435.00000  19565.00000  19585.00000  19595.00000  19610.00000
Si6_19620A   19595.00000  19610.00000  19615.00000  19625.00000  19635.00000  19655.00000
He1_20590A   20540.00000  20560.00000  20575.00000  20605.00000  20615.00000  20635.00000
H2_21210A    21150.00000  21170.00000  21180.00000  21240.00000  21250.00000  21270.00000
H1_21661A    21620.00000  21640.00000  21645.00000  21676.00000  21685.00000  21705.00000
H2_24070A    24000.00000  24020.00000  24040.00000  24100.00000  24120.00000  24150.00000
Si6_24830A   24790.00000  24800.00000  24820.00000  24840.00000  24840.00000  24860.00000
H1_26259A    26200.00000  26220.00000  26245.00000  26275.00000  26300.00000  26320.00000
H1_30392A    30365.00000  30375.00000  30385.00000  30405.00000  30415.00000  30425.00000
H1_32970A    32945.00000  32955.00000  32965.00000  32975.00000  32985.00000  32995.00000
PAH1_33000A  32800.00000  32850.00000  32900.00000  33100.00000  33150.00000  33200.00000
H1_37406A    37365.00000  37385.00000  37395.00000  37415.00000  37425.00000  37440.00000
H1_40522A    40490.00000  40500.00000  40510.00000  40535.00000  40550.00000  40570.00000
H1_46539A    46510.00000  46515.00000  46534.00000  46546.00000  46555.00000  46575.00000
S4_105100A   104700.0000  104900.0000  105000.0000  105200.0000  105300.0000  105500.0000
S3_187100A   186700.0000  186900.0000  187000.0000  187200.0000  187100.0000  187300.0000



