                      w1           w2           w3           w4           w5           w6 signal_peak
O2_3726A_m   3664.019844  3692.529844  3714.289844  3741.969844  3753.149844  3765.769844       401.0
H1_3750A     3661.759844  3695.979844  3741.969844  3754.089844  3773.489844  3790.309844       414.0
H1_3771A     3754.089844  3761.699844  3762.739844  3774.849844  3776.589844  3789.889844       426.0
H1_3798A     3775.259844  3786.179844  3786.959844  3802.529844  3841.369844  3856.899844       442.0
H1_3835A     3802.179844  3812.419844  3826.749844  3842.319844  3842.529844  3851.099844       463.0
Ne3_3869A    3798.269844  3818.269844  3856.159844  3878.659844  3903.269844  3948.269844       483.0
H1_3889A_m   3876.468128  3881.436297  3883.802451  3895.821311  3900.284708   3905.57973       494.0
H1_3970A     3931.069844  3946.559844  3954.779844  3979.009844  3983.129844  3997.979844       541.0
He1_4026A    4001.869844  4015.759844  4017.069844  4036.099844  4036.469844  4049.689844       573.0
H1_4102A     4072.779844  4085.109844  4086.279844  4113.959844  4114.769844  4131.449844       617.0
H1_4341A     4304.219844  4319.989844  4323.309844  4350.989844  4373.309844  4385.079844       755.0
O3_4363A     4295.969844  4321.929844  4350.989844  4371.749844  4389.029844  4414.469844       768.0
He1_4471A    4451.431959  4457.945677  4461.860836  4480.435439  4484.805933  4491.907987       831.0
Fe3_4658A    4642.253225  4650.387202  4650.456341  4664.269265  4665.051805  4674.143679         NaN
He2_4686A    4666.770616  4672.653974  4672.799844  4695.289844  4698.012098  4706.024671       955.0
Ar4_4711A_m  4603.269844  4633.269844  4703.939844  4721.239844  4753.269844  4776.269844       970.0
Ar4_4740A    4604.139844  4633.569844  4728.159844  4748.919844  4755.359844  4774.369844       986.0
H1_4861A     4808.069844  4834.369844  4838.889844  4876.959844  4881.399844  4906.669844      1057.0
O3_4959A     4923.519844  4938.719844  4939.239844  4975.579844  4978.989844  4988.539844      1113.0
O3_5007A     4970.532077   4984.14669  4985.579844  5029.399844  5034.869844  5042.249844      1141.0
He1_5876A    5831.269844  5849.369844  5861.409844  5889.099844  5891.989844  5903.239844      1643.0
O1_6300A_b   6265.909844  6281.209844  6288.499844  6318.649844  6321.039844  6332.919844      1888.0
H1_6563A_b   6436.299844  6506.929844  6533.369844  6599.219844  6625.969844  6660.089844      2040.0
He1_6678A    6656.784142  6661.570208  6665.048504  6691.516271  6694.455829  6702.061859      2107.0
S2_6716A_b   6684.969844  6697.139844  6699.169844  6742.179844  6748.869844  6770.409844      2129.0
He1_7065A    7027.369844  7039.909844  7053.489844  7077.709844  7085.759844  7102.719844      2330.0
Ar3_7136A    7089.809844  7109.309844  7117.497219  7149.033424  7152.749844  7173.259844      2371.0
O2_7319A_m   7286.979844  7297.439844  7302.529844  7344.169844  7354.533567  7367.140763      2481.0